# MCMC results: t0 (initial transit time)
2155.041289761   0.002487002   0.002587108
2159.353110084   0.002916284   0.002868093
2163.666487225   0.001697483   0.001730208
2167.977459360   0.001910330   0.001849027
2172.291486023   0.001076553   0.001052082
2176.602369663   0.000882791   0.000953058
2189.546517340   0.001209615   0.001216575
2193.855431794   0.000738128   0.000665147
2198.166982806   0.002302102   0.002259087
2202.479142667   0.001968269   0.001971925
2206.793823713   0.001265984   0.001247739
2211.104269077   0.001708435   0.001754592
