# MCMC results: t0 (Transit times)
2148.728157013   0.004873379   0.004941807
2156.981857156   0.000557515   0.000550399
2161.109993490   0.000628314   0.000635402
2165.239684584   0.000884490   0.000902592
2169.369098572   0.000718820   0.000701541
2173.496970462   0.000963703   0.000980907
2177.626656500   0.000758584   0.000748409
2181.754384334   0.000919018   0.000929811
2190.010066047   0.001752464   0.001791800
2194.138641466   0.000931436   0.000912019
2198.266300585   0.001272528   0.001285082
2202.395646041   0.001969817   0.001940039
2206.524006059   0.004946347   0.004813892
