# MCMC results: f0 (out-of-transit flux for each transit)
0.995842227   0.002257870   0.002261098
1.000111268   0.000251164   0.000257690
1.000364381   0.000288866   0.000292718
1.000787826   0.000386756   0.000389362
0.999732226   0.000336382   0.000329872
0.999078860   0.000461743   0.000475611
1.000956925   0.000372397   0.000373877
0.998484516   0.000437828   0.000432125
1.003286207   0.000820974   0.000811643
1.000130812   0.000434348   0.000434621
0.998663389   0.000634164   0.000624215
0.998668339   0.000975766   0.000972605
0.995946115   0.002427104   0.002478157
