# MCMC results: f0 (out-of-transit flux)
0.998097006   0.000560394   0.000594312
1.001339112   0.000640166   0.000633095
0.999235561   0.000392677   0.000410848
1.001289463   0.000382144   0.000376910
1.000088816   0.000238371   0.000237316
1.000633336   0.000194493   0.000197943
0.999697681   0.000266321   0.000264853
1.000770802   0.000163345   0.000167763
0.998985682   0.000507470   0.000530564
1.001058733   0.000423137   0.000407596
0.999981195   0.000307752   0.000305927
1.000807525   0.000291601   0.000291571
