# MCMC results: t0 (Transit times)
2150.42409694   0.00084868   0.00089819
2156.12197489   0.00055109   0.00058186
2158.97148670   0.00090369   0.00085416
2161.82072446   0.00079576   0.00078360
2164.66795198   0.00073155   0.00078235
2170.36755541   0.00075316   0.00077198
2173.21693895   0.00155365   0.00154157
2176.06548744   0.00069231   0.00071249
2178.91425179   0.00133811   0.00136642
2181.76358963   0.00188093   0.00178803
2184.61414420   0.00077793   0.00075154
2187.46287966   0.00067767   0.00066706
2190.31353283   0.00121495   0.00121469
2193.16317082   0.00058735   0.00057866
2196.01124580   0.00110042   0.00125388
2198.86009608   0.00089490   0.00091125
2201.71049742   0.00057039   0.00064783
2204.55899131   0.00140927   0.00134383
2207.40938719   0.00077498   0.00073970
