# MCMC results: f0 (out-of-transit flux for each transit)
0.999994371   0.000046476   0.000046279
1.000023528   0.000030618   0.000032351
1.000041470   0.000045388   0.000044871
0.999973708   0.000044006   0.000043551
1.000041408   0.000042030   0.000040828
1.000013548   0.000038574   0.000038743
1.000026010   0.000082339   0.000082149
0.999955282   0.000040443   0.000040558
0.999902948   0.000073557   0.000075360
0.999990486   0.000066235   0.000071151
1.000008404   0.000044063   0.000044843
0.999963340   0.000039649   0.000039510
0.999934772   0.000070084   0.000069918
0.999985423   0.000033670   0.000033744
1.000029564   0.000056627   0.000055601
1.000062902   0.000050665   0.000052730
1.000036809   0.000038228   0.000041063
0.999989793   0.000055924   0.000056531
0.999995526   0.000040693   0.000044027
