# MCMC results: f0 (out-of-transit flux for each transit)
0.99602922   0.00277623   0.00261118
1.00010527   0.00027886   0.00026541
1.00034720   0.00033181   0.00032620
1.00082589   0.00041481   0.00040652
0.99975837   0.00035075   0.00037438
0.99904951   0.00051506   0.00050968
1.00096515   0.00040707   0.00041851
0.99850108   0.00049104   0.00048404
1.00331914   0.00087701   0.00085727
1.00013375   0.00045269   0.00046715
0.99864075   0.00069409   0.00065628
0.99867151   0.00097093   0.00099482
0.99588868   0.00259050   0.00261296
