     2154.5031093979        1.0001258778        0.0001000126
     2154.5235414273        0.9999300064        0.0000999930
     2154.5439734561        0.9999904481        0.0000999990
     2154.5644054845        0.9999873134        0.0000999987
     2154.5848375124        1.0001956470        0.0001000196
     2154.6052695399        1.0000830091        0.0001000083
     2154.6257015669        0.9997659108        0.0000999766
     2154.6461336934        0.9999178733        0.0000999918
     2154.6665656195        0.9998281680        0.0000999828
     2154.6869976451        0.9997377246        0.0000999738
     2154.7074297702        0.9997894966        0.0000999789
     2154.7278616949        1.0001654585        0.0001000165
     2154.7482937186        1.0002173988        0.0001000217
     2154.7687257424        1.0003626418        0.0001000363
     2154.7891577656        1.0000926483        0.0001000093
     2154.8095898884        1.0004958363        0.0001000496
     2154.8300218103        1.0001474222        0.0001000147
     2154.8504538322        1.0004693454        0.0001000469
     2154.8708859536        1.0006556879        0.0001000656
     2154.8913178745        0.9984977971        0.0000998498
     2154.9117498946        0.9918508295        0.0000991851
     2154.9321820146        0.9804131808        0.0000980413
     2154.9526139341        0.9709982784        0.0000970998
     2154.9730459527        0.9626835957        0.0000962684
     2154.9934780713        0.9569800482        0.0000956980
     2155.0139099890        0.9543924061        0.0000954392
     2155.0343420067        0.9512592591        0.0000951259
     2155.0547741239        0.9514841006        0.0000951484
     2155.0752061402        0.9540034589        0.0000954003
     2155.0956380565        0.9581007562        0.0000958101
     2155.1160701718        0.9666300685        0.0000966630
     2155.1365021872        0.9744377003        0.0000974438
     2155.1569341016        0.9842780558        0.0000984278
     2155.1773662161        0.9929150770        0.0000992915
     2155.1977982295        0.9989442094        0.0000998944
     2155.2182301430        0.9995693257        0.0000999569
     2155.2386622556        0.9998264824        0.0000999826
     2155.2590942677        0.9999001237        0.0000999900
     2155.2795261798        0.9999942729        0.0000999994
     2155.2999582910        1.0004873313        0.0001000487
     2155.3203903021        1.0002798751        0.0001000280
     2155.3408223123        1.0003257410        0.0001000326
     2155.3612543221        1.0000528312        0.0001000053
     2155.3816863319        0.9998003986        0.0000999800
     2155.4021184407        0.9997818395        0.0000999782
     2155.4225503491        0.9998569165        0.0000999857
     2155.4429823575        0.9998464010        0.0000999846
     2155.4634144649        0.9999595400        0.0000999960
     2155.4838463719        1.0002220495        0.0001000222
       -1.0000000000       -1.0000000000       -1.0000000000
     2158.8755535959        1.0005400301        0.0001000540
     2158.8959856274        1.0004034713        0.0001000403
     2158.9164175580        1.0004808552        0.0001000481
     2158.9368494886        0.9993796062        0.0000999380
     2158.9572814188        0.9990773148        0.0000999077
     2158.9777133484        0.9993489827        0.0000999349
     2159.0185772064        0.9996156295        0.0000999616
     2159.0390091347        0.9999649788        0.0000999965
     2159.0594410625        1.0001834731        0.0001000183
     2159.0798730903        1.0002506250        0.0001000251
     2159.1003049172        1.0003350811        0.0001000335
     2159.1207368436        1.0004320361        0.0001000432
     2159.1411688700        1.0004732696        0.0001000473
     2159.1820326210        1.0010415396        0.0001001042
     2159.2024646460        0.9996523433        0.0000999652
     2159.2228964701        0.9932106267        0.0000993211
     2159.2433283941        0.9852135944        0.0000985214
     2159.2637603178        0.9766168519        0.0000976617
     2159.2841922409        0.9730442956        0.0000973044
     2159.3046241636        0.9725413264        0.0000972541
     2159.4067837705        0.9694408739        0.0000969441
     2159.4272156904        0.9718810363        0.0000971881
     2159.4476477103        0.9798531387        0.0000979853
     2159.4680795293        0.9890694511        0.0000989069
     2159.5089434667        0.9994771217        0.0000999477
     2159.5293752848        1.0003736405        0.0001000374
     2159.5498073019        1.0004827090        0.0001000483
     2159.5702392190        1.0002351803        0.0001000235
     2159.5906710356        1.0002219635        0.0001000222
     2159.6111030518        0.9995076375        0.0000999508
     2159.6315349679        0.9994225030        0.0000999422
     2159.6519667832        0.9995314424        0.0000999531
     2159.6723987979        0.9994612448        0.0000999461
     2159.6928307123        0.9997604028        0.0000999760
     2159.7132625266        0.9999474782        0.0000999947
     2159.7541264533        1.0007667874        0.0001000767
     2159.7745583662        1.0002770983        0.0001000277
       -1.0000000000       -1.0000000000       -1.0000000000
     2163.1866823361        1.0001304876        0.0001000130
     2163.2071141796        1.0000000129        0.0001000000
     2163.2275461227        0.9997756166        0.0000999776
     2163.2479778653        1.0002435891        0.0001000244
     2163.2684097079        0.9999743692        0.0000999974
     2163.2888416495        1.0001671399        0.0001000167
     2163.3092733914        1.0000655519        0.0001000066
     2163.3297052324        0.9999011715        0.0000999901
     2163.3501371731        0.9998795789        0.0000999880
     2163.3705690136        0.9996478762        0.0000999648
     2163.3910007536        1.0000868036        0.0001000087
     2163.4114326932        0.9999583803        0.0000999958
     2163.4318645323        0.9996658478        0.0000999666
     2163.4522962712        0.9998075402        0.0000999808
     2163.4727282096        0.9992017422        0.0000999202
     2163.4931600475        0.9993962218        0.0000999396
     2163.5135917852        0.9981146104        0.0000998115
     2163.5340237225        0.9920131791        0.0000992013
     2163.5544555592        0.9820958572        0.0000982096
     2163.5748874958        0.9720099590        0.0000972010
     2163.5953192319        0.9686968679        0.0000968697
     2163.6974784064        0.9555104113        0.0000955510
     2163.7179102399        0.9580805317        0.0000958081
     2163.7383420734        0.9645638542        0.0000964564
     2163.7587739063        0.9765938032        0.0000976594
     2163.7792057388        0.9845581528        0.0000984558
     2163.7996375710        0.9926368163        0.0000992637
     2163.8200694028        0.9993885203        0.0000999388
     2163.8405012343        1.0002114039        0.0001000211
     2163.8609330652        1.0000384582        0.0001000038
     2163.8813649957        1.0001583931        0.0001000158
     2163.9222285557        0.9997980648        0.0000999798
     2163.9426604853        0.9999395163        0.0000999939
     2163.9630922144        0.9999999969        0.0001000000
     2163.9835240430        1.0001832149        0.0001000183
     2164.0039559714        1.0000909667        0.0001000091
     2164.0243876993        0.9998254078        0.0000999825
     2164.0448195268        0.9999547968        0.0000999955
     2164.0652514538        0.9999276170        0.0000999928
       -1.0000000000       -1.0000000000       -1.0000000000
     2167.5182252680        0.9987444508        0.0000998744
     2167.5386571326        0.9993199681        0.0000999320
     2167.5590887970        0.9997019967        0.0000999702
     2167.5999524243        1.0009754493        0.0001000975
     2167.6203840877        1.0008118660        0.0001000812
     2167.6408158504        1.0012694077        0.0001001269
     2167.6612477129        1.0013841983        0.0001001384
     2167.6816793752        1.0004145486        0.0001000415
     2167.7021111370        0.9999769983        0.0000999977
     2167.7225429986        0.9997501308        0.0000999750
     2167.7429747597        0.9992132966        0.0000999213
     2167.7634064206        0.9982221085        0.0000998222
     2167.7838382810        0.9989146091        0.0000998915
     2167.8451335603        0.9942651140        0.0000994265
     2167.8655653193        0.9857581086        0.0000985758
     2167.8859971781        0.9778064790        0.0000977806
     2167.9064288364        0.9708890593        0.0000970889
     2167.9268605945        0.9652819532        0.0000965282
     2167.9472924521        0.9628718257        0.0000962872
     2167.9677241095        0.9612632430        0.0000961263
     2167.9881558664        0.9605609088        0.0000960561
     2168.0085877231        0.9626571531        0.0000962657
     2168.0290193795        0.9666185719        0.0000966619
     2168.0494511355        0.9721618325        0.0000972162
     2168.0903146463        0.9866104817        0.0000986610
     2168.1107464013        0.9944372539        0.0000994437
     2168.1311781559        0.9991225347        0.0000999123
     2168.1720416639        0.9999503518        0.0000999950
     2168.1924734176        0.9990065589        0.0000999007
     2168.2129051708        0.9992321530        0.0000999232
     2168.2333369237        1.0001361419        0.0001000136
     2168.2537687762        1.0008318612        0.0001000832
     2168.2742004285        1.0009762988        0.0001000976
     2168.2946321803        1.0006038928        0.0001000604
     2168.3354958829        1.0004835498        0.0001000484
     2168.3559276338        1.0002183156        0.0001000218
     2168.3763594844        1.0000522428        0.0001000052
     2168.3967912346        0.9996775526        0.0000999678
     2168.4172230843        0.9990466147        0.0000999047
       -1.0000000000       -1.0000000000       -1.0000000000
     2171.8293211226        1.0003481756        0.0001000348
     2171.8497528185        1.0000154907        0.0001000015
     2171.8701845142        0.9999082265        0.0000999908
     2171.8906162096        0.9998749245        0.0000999875
     2171.9110479049        1.0000699377        0.0001000070
     2171.9314795996        0.9999822511        0.0000999982
     2171.9519113941        1.0001533643        0.0001000153
     2171.9723429884        0.9996532905        0.0000999653
     2172.0132064760        0.9997180085        0.0000999718
     2172.0336380694        0.9998860813        0.0000999886
     2172.0540697625        1.0002373141        0.0001000237
     2172.0745015552        1.0003801299        0.0001000380
     2172.0949331476        0.9999934088        0.0000999993
     2172.1153648398        1.0003491597        0.0001000349
     2172.1357966317        1.0006716325        0.0001000672
     2172.1562282232        0.9963470897        0.0000996347
     2172.1766599145        0.9872908675        0.0000987291
     2172.1970917055        0.9774745005        0.0000977474
     2172.2175233960        0.9703415548        0.0000970342
     2172.2583867764        0.9577594488        0.0000957759
     2172.2788184663        0.9557403643        0.0000955740
     2172.2992501557        0.9568983416        0.0000956898
     2172.3196818448        0.9602794716        0.0000960279
     2172.3401135338        0.9645906624        0.0000964591
     2172.3605452225        0.9685587643        0.0000968559
     2172.3809769107        0.9762531078        0.0000976253
     2172.4014085987        0.9837002896        0.0000983700
     2172.4218402864        0.9929366535        0.0000992937
     2172.4422719737        0.9991967552        0.0000999197
     2172.4627036608        0.9999892279        0.0000999989
     2172.4831353476        0.9999231692        0.0000999923
     2172.5035670342        1.0002330507        0.0001000233
     2172.5239986206        1.0004425142        0.0001000442
     2172.5444304065        1.0002473164        0.0001000247
     2172.5648620922        0.9999227443        0.0000999923
     2172.5852937774        0.9999027786        0.0000999903
     2172.6057254626        0.9997593927        0.0000999759
     2172.6261571473        0.9998029642        0.0000999803
     2172.6465888318        0.9996546983        0.0000999655
     2172.6670205161        1.0000576155        0.0001000058
     2172.6874521999        1.0002174664        0.0001000217
       -1.0000000000       -1.0000000000       -1.0000000000
     2176.1404032941        1.0002675039        0.0001000267
     2176.1812666698        0.9995761291        0.0000999576
     2176.2016982072        0.9999674826        0.0000999967
     2176.2221299442        0.9997892891        0.0000999789
     2176.2425615812        0.9998212083        0.0000999821
     2176.2629931180        1.0002396815        0.0001000240
     2176.3038564904        0.9996752065        0.0000999675
     2176.3242881265        0.9999244074        0.0000999924
     2176.3447197621        1.0001164525        0.0001000116
     2176.3651513975        1.0002204465        0.0001000220
     2176.3855830326        1.0009946847        0.0001000995
     2176.4264463022        0.9996938646        0.0000999694
     2176.4468779366        0.9994964888        0.0000999496
     2176.4673096708        0.9946227674        0.0000994623
     2176.4877412048        0.9863919798        0.0000986392
     2176.5081729386        0.9776677998        0.0000977668
     2176.5286045721        0.9704683659        0.0000970468
     2176.5490361054        0.9645812146        0.0000964581
     2176.5694678382        0.9615103265        0.0000961510
     2176.5898994710        0.9600461464        0.0000960046
     2176.6103310036        0.9607739868        0.0000960774
     2176.6307627357        0.9619639220        0.0000961964
     2176.6716258994        0.9694546832        0.0000969455
     2176.6920576309        0.9761943252        0.0000976194
     2176.7124892620        0.9844188459        0.0000984419
     2176.7329207932        0.9924185395        0.0000992419
     2176.7533525239        0.9981502383        0.0000998150
     2176.7737840544        0.9997412689        0.0000999741
     2176.7942156847        0.9994022589        0.0000999402
     2176.8350790445        0.9998322173        0.0000999832
     2176.8555105740        1.0000026761        0.0001000003
     2176.8759423034        1.0001982183        0.0001000198
     2176.8963739325        0.9999709169        0.0000999971
     2176.9168055613        1.0003063297        0.0001000306
     2176.9372371899        0.9997326324        0.0000999733
     2176.9576688183        0.9994363860        0.0000999436
     2176.9781005463        0.9993634635        0.0000999363
     2176.9985320742        1.0002267983        0.0001000227
     2177.0189637019        1.0000888332        0.0001000089
     2177.0393954293        0.9999557910        0.0000999956
     2177.0598269563        1.0002001740        0.0001000200
     2177.0802585833        1.0002587115        0.0001000259
     2177.1006903101        0.9999030730        0.0000999903
     2177.1211218364        1.0002374433        0.0001000237
       -1.0000000000       -1.0000000000       -1.0000000000
     2189.0122984723        1.0001894314        0.0001000189
     2189.0327301034        0.9999473042        0.0000999947
     2189.0531615343        0.9994204787        0.0000999420
     2189.0940246959        1.0000663919        0.0001000066
     2189.1144561266        1.0002418690        0.0001000242
     2189.1348877572        0.9998500533        0.0000999850
     2189.1961823485        1.0003921471        0.0001000392
     2189.2166138788        1.0004408894        0.0001000441
     2189.2370453090        0.9999721904        0.0000999972
     2189.2574769391        0.9998715739        0.0000999872
     2189.2779084691        0.9995556107        0.0000999556
     2189.2983399991        0.9997782142        0.0000999778
     2189.3187715289        0.9999873348        0.0000999987
     2189.3392030587        1.0000309822        0.0001000031
     2189.3596345883        1.0001461358        0.0001000146
     2189.3800661179        0.9998500157        0.0000999850
     2189.4004976474        0.9967662374        0.0000996766
     2189.4209292769        0.9907475890        0.0000990748
     2189.4413608062        0.9824904576        0.0000982490
     2189.4617922355        0.9723478020        0.0000972348
     2189.4822238647        0.9663073531        0.0000966307
     2189.5026553938        0.9604704081        0.0000960470
     2189.5230868229        0.9568900552        0.0000956890
     2189.5435184518        0.9553416727        0.0000955342
     2189.5639499807        0.9544136610        0.0000954414
     2189.5843814095        0.9569562570        0.0000956956
     2189.6048130382        0.9631167210        0.0000963117
     2189.6252444668        0.9711707608        0.0000971171
     2189.6456759953        0.9797103781        0.0000979710
     2189.6661076238        0.9882462714        0.0000988246
     2189.6865390522        0.9960273214        0.0000996027
     2189.7069706805        1.0000716327        0.0001000072
     2189.7274022088        1.0001965502        0.0001000197
     2189.7478336369        0.9998690970        0.0000999869
     2189.7682652650        0.9999940558        0.0000999994
     2189.7886967930        1.0000548462        0.0001000055
     2189.8091283209        1.0001800879        0.0001000180
     2189.8295598489        0.9998684759        0.0000999868
     2189.8499913766        1.0000415536        0.0001000042
     2189.8704229042        0.9999744119        0.0000999974
     2189.8908544319        0.9999521184        0.0000999952
     2189.9112859595        0.9997351327        0.0000999735
     2189.9317174870        1.0001159316        0.0001000116
     2189.9521491143        0.9999542944        0.0000999954
     2189.9725805417        1.0000319661        0.0001000032
     2189.9930121689        1.0000834284        0.0001000083
       -1.0000000000       -1.0000000000       -1.0000000000
     2193.4050769887        1.0000867410        0.0001000087
     2193.4255086073        0.9999993787        0.0000999999
     2193.4459400259        0.9999588387        0.0000999959
     2193.4663715444        1.0001532455        0.0001000153
     2193.4868031629        0.9998798241        0.0000999880
     2193.5072346814        1.0000010282        0.0001000001
     2193.5276661998        0.9998894529        0.0000999889
     2193.5480977183        1.0002166926        0.0001000217
     2193.5889607550        0.9995709018        0.0000999571
     2193.6093922733        0.9992748516        0.0000999275
     2193.6298237917        1.0003529972        0.0001000353
     2193.6502554099        1.0007166959        0.0001000717
     2193.6706868282        1.0005233637        0.0001000523
     2193.7115499646        0.9981204904        0.0000998120
     2193.7319813827        0.9906339376        0.0000990634
     2193.7524129009        0.9817287897        0.0000981729
     2193.7728444191        0.9732352876        0.0000973235
     2193.7932759372        0.9669972237        0.0000966997
     2193.8341389734        0.9605238155        0.0000960524
     2193.8545704914        0.9597101283        0.0000959710
     2193.8750021094        0.9603728107        0.0000960373
     2193.8954335274        0.9620382048        0.0000962038
     2193.9158650454        0.9656195266        0.0000965620
     2193.9362966633        0.9723465512        0.0000972347
     2193.9567280812        0.9806772086        0.0000980677
     2193.9771595991        0.9895847227        0.0000989585
     2193.9975912170        0.9968712176        0.0000996871
     2194.0180226349        0.9996275887        0.0000999628
     2194.0793172884        0.9999225798        0.0000999923
     2194.0997488061        0.9996273864        0.0000999627
     2194.1201803239        0.9994922219        0.0000999492
     2194.1406118417        0.9992708159        0.0000999271
     2194.1610434594        0.9999423206        0.0000999942
     2194.1814748771        1.0014537446        0.0001001454
     2194.2019063948        0.9993823859        0.0000999382
     2194.2223380124        0.9996280044        0.0000999628
     2194.2427694301        0.9997508043        0.0000999751
     2194.2632009477        1.0000456480        0.0001000046
     2194.2836325653        1.0002812387        0.0001000281
     2194.3040639829        1.0004523711        0.0001000452
     2194.3244956005        0.9999389799        0.0000999939
     2194.3449271181        0.9997978524        0.0000999798
     2194.3653585356        1.0001040574        0.0001000104
     2194.3857901531        0.9998510803        0.0000999851
       -1.0000000000       -1.0000000000       -1.0000000000
     2197.7161282975        1.0005752818        0.0001000575
     2197.7569912347        0.9999056703        0.0000999906
     2197.7774228534        1.0001004909        0.0001000100
     2197.7978542720        1.0001015927        0.0001000102
     2197.8182858908        1.0000246685        0.0001000025
     2197.8387173095        0.9997488624        0.0000999749
     2197.8591489283        0.9996030190        0.0000999603
     2197.8795804471        0.9998716034        0.0000999872
     2197.9000118659        0.9998979902        0.0000999898
     2197.9204433848        0.9997705796        0.0000999771
     2197.9408750037        1.0000409141        0.0001000041
     2197.9613065226        1.0001112850        0.0001000111
     2198.0021695606        0.9999393219        0.0000999939
     2198.0226010796        0.9972551631        0.0000997255
     2198.0430325987        0.9890646783        0.0000989065
     2198.0634641178        0.9790248361        0.0000979025
     2198.0838956369        0.9696564592        0.0000969656
     2198.1043272561        0.9638525175        0.0000963852
     2198.1451901945        0.9575995943        0.0000957600
     2198.1656218138        0.9538173432        0.0000953817
     2198.1860532331        0.9512727135        0.0000951273
     2198.2064847524        0.9534816926        0.0000953482
     2198.2473477912        0.9693407751        0.0000969341
     2198.2677794106        0.9776566149        0.0000977657
     2198.2882109301        0.9892422806        0.0000989242
     2198.3086423496        0.9967072702        0.0000996707
     2198.3290739692        0.9999971068        0.0000999997
     2198.3495054888        1.0003421779        0.0001000342
     2198.3699370084        1.0002537584        0.0001000254
     2198.3903685281        1.0001554882        0.0001000155
     2198.4108000478        0.9997740150        0.0000999774
     2198.4312315675        1.0000398273        0.0001000040
     2198.4516630873        0.9998178925        0.0000999818
     2198.4925261270        1.0006137324        0.0001000614
     2198.5129576468        0.9998296157        0.0000999830
     2198.5333891668        0.9999466487        0.0000999947
     2198.5538206868        1.0002551087        0.0001000255
     2198.5742522068        0.9993311385        0.0000999331
       -1.0000000000       -1.0000000000       -1.0000000000
     2202.0271807903        0.9989986551        0.0000998999
     2202.0476123211        0.9992697511        0.0000999270
     2202.0680438520        0.9994193007        0.0000999419
     2202.0884753830        1.0004303654        0.0001000430
     2202.1089069141        1.0013352332        0.0001001335
     2202.1293385453        1.0047218498        0.0001004722
     2202.1702015079        0.9986864226        0.0000998686
     2202.1906331393        0.9991003641        0.0000999100
     2202.2110645709        0.9992800344        0.0000999280
     2202.2314961025        0.9990241676        0.0000999024
     2202.2519277342        0.9995996619        0.0000999600
     2202.2723591660        1.0001253674        0.0001000125
     2202.2927907979        0.9998485365        0.0000999849
     2202.3132223298        1.0000583198        0.0001000058
     2202.3336537619        0.9986150838        0.0000998615
     2202.3540853941        0.9962827462        0.0000996283
     2202.4153799911        0.9671911869        0.0000967191
     2202.4358115236        0.9626364680        0.0000962636
     2202.4562431562        0.9606922733        0.0000960692
     2202.4766745889        0.9600778071        0.0000960078
     2202.4971061217        0.9602439861        0.0000960244
     2202.5175376546        0.9618429934        0.0000961843
     2202.5379691876        0.9662050510        0.0000966205
     2202.5584007207        0.9721347164        0.0000972135
     2202.5788322538        0.9798747204        0.0000979875
     2202.5992637871        0.9916331027        0.0000991633
     2202.6196953205        1.0027037087        0.0001002704
     2202.6605583875        0.9996761359        0.0000999676
     2202.6809900211        0.9999610489        0.0000999961
     2202.7014215549        0.9997734604        0.0000999773
     2202.7218529887        0.9998594149        0.0000999859
     2202.7627161567        0.9993452578        0.0000999345
     2202.7831475908        0.9995724686        0.0000999572
     2202.8035792250        1.0000315101        0.0001000031
     2202.8240107593        0.9998915111        0.0000999891
     2202.8444421938        0.9999819872        0.0000999982
     2202.8648738283        1.0033888557        0.0001003389
     2202.9261684324        0.9996032253        0.0000999603
     2202.9465999673        0.9998018925        0.0000999802
     2202.9670316023        0.9992750501        0.0000999275
     2202.9874630374        0.9993508902        0.0000999351
       -1.0000000000       -1.0000000000       -1.0000000000
     2206.3382372438        0.9993804542        0.0000999380
     2206.3586688990        0.9996180695        0.0000999618
     2206.3791003544        0.9994298796        0.0000999430
     2206.3995319099        0.9997114249        0.0000999711
     2206.4199635656        0.9998462079        0.0000999846
     2206.4403950214        1.0000620169        0.0001000062
     2206.4608265774        1.0004875462        0.0001000488
     2206.4812582335        1.0002891609        0.0001000289
     2206.5016896898        1.0007195062        0.0001000719
     2206.5221213462        1.0005306354        0.0001000531
     2206.5425529027        0.9992905466        0.0000999291
     2206.5834160163        1.0007169898        0.0001000717
     2206.6038474733        1.0006044115        0.0001000604
     2206.6242790304        1.0005500324        0.0001000550
     2206.6447106877        0.9986551691        0.0000998655
     2206.6651421451        0.9922185790        0.0000992219
     2206.6855737027        0.9820447226        0.0000982045
     2206.7060053605        0.9731463774        0.0000973146
     2206.7264369184        0.9647068763        0.0000964707
     2206.8285947100        0.9613616149        0.0000961362
     2206.8490262688        0.9638957733        0.0000963896
     2206.8694579278        0.9685601884        0.0000968560
     2206.8898893869        0.9760869058        0.0000976087
     2206.9103210461        0.9846599933        0.0000984660
     2206.9307526055        0.9927099088        0.0000992710
     2206.9511840650        0.9992278559        0.0000999228
     2206.9920472846        1.0002391975        0.0001000239
     2207.0124787446        1.0003017455        0.0001000302
     2207.0329104047        1.0000940180        0.0001000094
     2207.0737734255        0.9999034344        0.0000999903
     2207.0942050861        0.9995552819        0.0000999555
     2207.1350683078        0.9995926572        0.0000999593
     2207.1554997689        0.9995433824        0.0000999543
     2207.1759313302        1.0001306647        0.0001000131
     2207.1963629916        0.9994617174        0.0000999462
     2207.2167944531        0.9998518579        0.0000999852
     2207.2372260148        0.9992933760        0.0000999293
     2207.2576575767        0.9991611308        0.0000999161
     2207.2780892387        0.9990600667        0.0000999060
     2207.3189523632        0.9998712994        0.0000999871
     2207.3393838257        1.0015112203        0.0001001511
     2207.3598154883        1.0017329699        0.0001001733
       -1.0000000000       -1.0000000000       -1.0000000000
     2210.6288685305        1.0006134878        0.0001000613
     2210.6493001221        0.9999835493        0.0000999984
     2210.6697317139        0.9993257624        0.0000999326
     2210.6901634058        0.9992368689        0.0000999237
     2210.7514581828        1.0003856810        0.0001000386
     2210.7718896756        1.0003458060        0.0001000346
     2210.7923212686        0.9998183340        0.0000999818
     2210.8127529617        0.9998571575        0.0000999857
     2210.8331845551        0.9999619553        0.0000999962
     2210.8536161487        1.0003129959        0.0001000313
     2210.8740477425        1.0002416953        0.0001000242
     2210.8944793364        1.0001976610        0.0001000198
     2210.9149109307        0.9997535219        0.0000999753
     2210.9353425250        0.9994537835        0.0000999454
     2210.9557741196        0.9982060420        0.0000998206
     2210.9966373094        0.9838855177        0.0000983885
     2211.0170689046        0.9757529298        0.0000975753
     2211.0375006001        0.9692747683        0.0000969275
     2211.0783637916        0.9618688027        0.0000961869
     2211.0987953876        0.9609257385        0.0000960926
     2211.1192268838        0.9613789667        0.0000961379
     2211.1396585803        0.9629027310        0.0000962903
     2211.1600901769        0.9668288561        0.0000966829
     2211.1805216738        0.9720248746        0.0000972025
     2211.2418165656        0.9944428593        0.0000994443
     2211.2622481634        0.9991852103        0.0000999185
     2211.2826796612        0.9996479260        0.0000999648
     2211.3031113594        1.0000600195        0.0001000060
     2211.3235429577        1.0000459450        0.0001000046
     2211.3439744563        1.0001492367        0.0001000149
     2211.3644061550        1.0004238664        0.0001000424
     2211.4052693531        1.0001002381        0.0001000100
     2211.4257009525        1.0002650003        0.0001000265
     2211.4461325522        1.0004902854        0.0001000490
     2211.4869957520        0.9997731315        0.0000999773
     2211.5074273517        0.9999239754        0.0000999924
     2211.5278590521        0.9996543991        0.0000999654
