# MCMC results: t0 (Transit times)
2148.72783290   0.00558692   0.00558370
2156.98186085   0.00060763   0.00062791
2161.10997128   0.00072559   0.00072343
2165.23965880   0.00097846   0.00093281
2169.36912876   0.00080574   0.00079686
2173.49702850   0.00106932   0.00105004
2177.62665531   0.00086988   0.00087014
2181.75440357   0.00101174   0.00102960
2190.00992011   0.00178249   0.00190904
2194.13876489   0.00095432   0.00095141
2198.26641894   0.00144435   0.00146812
2202.39557410   0.00210810   0.00205233
2206.52358538   0.00534208   0.00527786
