# MCMC results: t0 (Transit times)
2155.04082149   0.00359098   0.00363037
2159.35126397   0.00332874   0.00341144
2163.66383612   0.00294436   0.00293250
2167.98054247   0.00275059   0.00278245
2172.29195343   0.00301261   0.00306009
2176.60212997   0.00281427   0.00283987
2189.54640144   0.00313245   0.00308956
2193.85549258   0.00273409   0.00271030
2198.16662590   0.00337737   0.00338745
2202.47780584   0.00219432   0.00212513
2206.79424223   0.00338646   0.00355478
2211.10672975   0.00338931   0.00351942
