# MCMC results: t0 (Transit times with 1 sigma errors)
2150.42388189   0.00104115   0.00090097
2156.12198302   0.00077107   0.00078003
2158.97160237   0.00087623   0.00086868
2161.82066995   0.00084818   0.00085933
2164.66798172   0.00080929   0.00082614
2170.36754856   0.00073339   0.00074845
2173.21688524   0.00143647   0.00143208
2176.06544412   0.00074585   0.00078559
2178.91422392   0.00130238   0.00133781
2181.76353427   0.00165095   0.00159758
2184.61412460   0.00082956   0.00082833
2187.46287509   0.00078343   0.00077833
2190.31356116   0.00122003   0.00123002
2193.16316347   0.00076173   0.00075785
2196.01120189   0.00141370   0.00138229
2198.86009793   0.00087263   0.00087530
2201.71055963   0.00072083   0.00073458
2204.55905897   0.00125792   0.00122873
2207.40946643   0.00084666   0.00088665
2210.25922012   0.00137856   0.00141996
