# MCMC results: t0 (Transit times with 1 sigma errors)
2149.05914931   0.00096363   0.00097174
2152.06227269   0.00091289   0.00092563
2155.06556883   0.00138422   0.00127598
2158.06777427   0.00093566   0.00093367
2161.06990528   0.00092578   0.00093446
2164.07362636   0.00098607   0.00096351
2167.07563900   0.00095559   0.00094457
2170.07875792   0.00113057   0.00108620
2173.08094457   0.00096602   0.00096698
2176.08398670   0.00103961   0.00104674
2179.07722654   0.00487719   0.00715713
2182.08920095   0.00100956   0.00101248
2185.08538110   0.00364344   0.00386385
2188.09500868   0.00126031   0.00129750
2191.09702942   0.00101487   0.00101839
2197.10197305   0.00108049   0.00106836
2200.10449925   0.00101513   0.00102081
2203.10690045   0.00099449   0.00098150
2206.10924609   0.00102012   0.00101567
2209.11191087   0.00098548   0.00099329
