# MCMC results: f0 (out-of-transit flux for each transit)
0.99726272   0.00083596   0.00081252
1.00124649   0.00078587   0.00076211
0.99881551   0.00069451   0.00069040
1.00014808   0.00061900   0.00062467
0.99923710   0.00066740   0.00067058
0.99980966   0.00060780   0.00061366
0.99888360   0.00067685   0.00066107
0.99991433   0.00061280   0.00061424
0.99813300   0.00079996   0.00079461
0.99981656   0.00043002   0.00042146
0.99952912   0.00081451   0.00089591
1.00012755   0.00057728   0.00057336
