# MCMC results: f0 (out-of-transit flux for each transit)
0.99999583   0.00004901   0.00004967
1.00002574   0.00003180   0.00003171
1.00004000   0.00004688   0.00004861
0.99997341   0.00005101   0.00005288
1.00004447   0.00004360   0.00004469
1.00001225   0.00003943   0.00003964
1.00002733   0.00009264   0.00009102
0.99995662   0.00004126   0.00004219
0.99990939   0.00008283   0.00008216
0.99999567   0.00007145   0.00007208
1.00001033   0.00004692   0.00004789
0.99996595   0.00004129   0.00004156
0.99993633   0.00007271   0.00007422
0.99998473   0.00003446   0.00003421
1.00003111   0.00006041   0.00006145
1.00006394   0.00005342   0.00005690
1.00003877   0.00004319   0.00004181
0.99999081   0.00005846   0.00006102
0.99999479   0.00004486   0.00004453
1.00005766   0.00007032   0.00007225
